10000
3242
4521
1404
6637
6045
4060
98
5227
3201
8038
9213
484
2829
1307
4482
4062
7346
9464
423
9804
2823
1881
4838
139
3722
2465
9222
210
4379
4681
9005
9569
2412
4146
7859
7865
3195
215
8679
3074
8107
4841
7477
1253
385
8513
3755
5252
4554
9758
955
7867
1555
4582
1698
2802
8092
9763
1075
1647
9531
6178
241
9292
4332
2679
3374
5859
4107
9561
2334
5792
2705
1289
6318
1857
7372
1838
5375
8469
2327
9099
6815
2299
5535
57
1549
1386
5536
3283
6148
6569
2045
7249
1150
9549
6910
3934
9761
5151
1663
7788
1017
2685
6514
3540
147
7598
6678
5961
6850
1375
2052
8715
9882
1285
3911
3500
5866
7333
8267
3637
9407
6004
2418
3618
8895
3337
5049
2605
3458
7895
438
2875
1000
3522
4506
3978
8528
48
7442
4316
7028
1214
3502
2454
6264
2075
130
5969
1078
4597
4218
6224
8561
7075
522
4526
1442
642
4709
9326
1076
6573
7784
2063
9342
969
7506
7932
682
2278
4314
1904
7882
827
6444
4639
5513
6198
1750
7689
1320
114
4672
674
4795
3833
816
2507
9999
8333
1921
1754
1484
1284
5009
5054
808
1499
9806
8383
4114
4067
6538
5662
414
3117
1205
7494
5344
7180
1581
3671
4970
1872
2548
4477
8108
3126
2908
4276
126
7575
7752
1536
8004
2570
1923
267
3518
188
5959
3316
502
8551
5626
9927
8042
6969
1807
8365
8110
5110
9102
5480
3962
4818
1861
3810
3942
344
5158
1462
1730
9082
7682
9435
6252
2575
578
5941
7251
1793
8598
3619
1187
6516
5416
5750
9188
8819
1252
5120
5765
3595
2349
2367
9826
56
8938
3030
2690
3723
5355
4375
159
1919
7626
9439
5891
1083
9937
3164
8840
7262
7907
1445
9573
1034
6402
1734
7131
685
200
740
2259
4369
8002
9947
2098
6595
2701
7853
8234
4198
4697
5735
4162
692
1736
3035
780
4017
6652
7999
5797
3908
9776
5320
3278
6278
8264
3498
8072
2728
1634
7141
6682
8637
9376
5945
1011
1982
6956
5602
1570
4205
4627
5050
1463
3415
2277
7388
1702
8472
3407
5468
7309
2506
9461
3836
5491
6672
291
3490
7218
9706
8982
8633
2197
6115
7306
2558
7316
5951
5798
2252
9654
7314
7210
3685
8691
7274
4884
9541
5450
8676
4859
4161
9154
8988
846
4715
7391
7227
3758
873
6566
5963
3521
3715
7717
283
1217
7140
2946
3306
2972
4214
7962
4690
5688
9701
1526
1607
7968
3775
1371
9545
2714
5543
951
9115
2342
1167
6666
7930
9118
4410
9036
8436
4735
3822
4701
6203
810
3427
1756
6060
8962
3653
1202
703
8702
4059
1391
8001
3217
5955
2866
7462
4381
9078
417
4023
2645
7287
127
6660
4371
785
4927
186
8322
7009
5978
5240
5157
5729
3506
4916
5154
690
1517
3447
1602
1938
6842
8416
145
8113
7642
3578
8260
7679
3253
7674
2022
2756
2610
594
2942
3947
6388
342
3809
9215
5272
165
2049
1143
170
4630
7989
4437
7684
2652
1763
4618
1070
9853
2552
6019
5895
3059
735
2241
5435
7839
5503
4301
8659
8956
5871
4511
4839
5338
9370
1558
1414
5794
6962
8945
2237
2934
1891
5814
8802
7696
3964
1761
433
8670
5845
3690
805
5876
3707
1219
3105
876
4744
3527
4117
593
3422
9733
2329
74
5323
8158
7330
2612
3088
4682
8730
7401
6838
3071
9357
5300
4856
6471
2791
8762
2962
5127
4323
3640
203
9363
8680
7452
824
334
7822
1206
3198
8673
9055
900
6954
4137
214
3517
8010
3128
7976
1166
2594
4972
5334
457
8830
9403
9669
2681
8239
2121
7658
8726
3094
8820
2739
1162
8552
7211
4481
914
2630
8371
1842
1133
6433
7811
7757
584
6614
3140
2649
1050
7558
5881
3981
498
7497
8346
4489
9205
5883
8035
6510
6362
627
35
6673
500
648
1716
4127
4531
2212
4766
1685
4532
4751
9128
3702
468
1546
7569
2422
3945
8682
2591
1274
6033
4904
9299
4515
4474
3615
1610
5816
7118
9358
26
6372
7515
2066
4743
510
600
2306
6447
6776
4022
8098
7291
3369
7513
6607
5802
304
3175
5393
7356
2395
5677
9638
3285
3756
6657
2876
1691
7769
6876
7207
2805
109
3148
3796
595
367
7919
2222
9578
9341
7597
7538
6784
525
2423
3180
8388
6823
2629
6668
1122
9590
8583
1474
6606
8195
6903
7665
9774
7076
1940
1431
3003
9660
884
3999
7678
5532
8578
2626
19
5184
335
9019
7516
42
15
4984
1910
8451
3537
7975
3445
4172
2360
3494
1901
2059
3861
2300
9233
8044
5571
8458
6748
2863
4517
7773
7869
6771
2175
2228
9385
3455
4389
3204
8759
3313
6857
1651
4407
9474
1877
4452
5818
7612
1915
490
5681
7950
1906
3438
6995
4750
6695
840
5699
8306
6061
6202
318
3931
7751
3402
6879
7939
5637
6030
8880
9252
7037
6048
1778
371
1987
1643
37
836
9819
60
5603
4441
2102
5762
6899
6486
616
1479
5756
9906
698
1332
9791
6978
1190
5484
62
2145
4637
3222
9734
2161
4035
3213
815
3016
6772
4599
9785
6604
5476
2093
3474
3970
7476
4986
7933
4444
843
9980
1087
3492
9555
8534
6621
8718
2709
7040
492
1773
4118
1297
5156
5524
8613
7402
8112
2467
4955
5560
3697
7571
7687
9122
7351
5642
7556
2597
4564
5322
5572
2050
424
506
9196
8693
2842
5564
9502
7562
2224
5422
9079
3416
9973
115
8031
930
5928
5842
7611
1593
9689
8474
7942
8233
6685
9656
4573
4285
5522
966
8515
6041
294
2478
6156
277
3577
4284
4898
5046
7459
5879
4016
38
3080
7557
5936
4803
5419
3437
9864
9801
2148
5625
3985
3639
4090
6567
2878
5872
4861
5497
9226
2730
1181
5019
343
5598
9096
5577
1031
903
7813
4561
3392
9956
2082
3813
257
8740
9828
8844
44
8529
1557
1650
8968
2119
4982
6753
4537
3683
3153
552
4866
455
6751
4021
6358
6123
3824
732
4213
1902
6343
1074
1402
7010
8681
7729
9351
5716
6422
2476
3099
6804
1302
144
7861
8592
3995
1706
4720
6003
1694
8182
5189
1452
7357
8378
4790
1309
4716
1883
1082
3870
8716
9431
6894
9635
9871
8746
4171
6162
4191
6222
1621
5004
6166
4432
6140
8602
4535
3060
4438
151
9681
8933
9412
2577
5043
7302
1700
4794
7607
2303
1057
7122
6009
8355
1230
2366
1488
2068
896
8951
3883
5846
1194
6952
3356
7899
6994
2806
7650
9637
5215
5198
2493
6531
3696
1244
6880
8152
7455
6079
5130
9934
6890
4850
8623
262
7764
4426
937
3028
5652
4732
8606
1939
734
8998
9743
2462
812
7894
1595
5600
8860
2346
9904
6834
7888
9998
2379
5490
1263
3145
5284
3916
6173
7862
8500
3582
742
2641
316
9682
4946
3388
8798
5692
708
3125
8856
4121
7570
904
296
4076
9587
5552
3654
5582
7735
2032
2435
4095
8087
589
1237
4239
4868
7550
3448
8398
3830
4629
1967
245
9868
2554
6718
1226
8295
1911
5324
5073
8864
3216
9444
5295
877
7338
7744
6953
1184
9794
2023
3160
3012
2477
5496
9858
3020
5466
1567
2796
3910
7224
3583
7501
9117
7387
3434
9255
9286
941
6987
7555
1597
8614
9375
3366
6292
9719
9245
2800
7719
9670
5774
1265
878
3635
9814
1411
752
8143
3187
2496
1118
161
3983
3734
3461
7063
5575
8229
3788
4612
3384
8488
5394
6314
9940
2691
7567
1897
7365
8084
9180
4299
2060
6656
2274
8865
1193
2353
7616
8594
4825
7996
6312
7492
4112
7080
6327
4
591
6669
3065
9921
2257
1642
4483
6583
4918
1954
2758
2284
6517
9859
2198
5685
5061
7054
8984
792
4614
297
9064
4663
1677
5580
7429
8217
9155
52
3797
1124
8272
1792
7664
5074
3614
4327
4258
8300
6254
4149
470
9773
3070
6353
3004
6499
1894
9398
4534
389
9201
4416
230
3454
8209
7463
272
1171
9454
4812
2978
8162
3409
980
1529
3674
4315
9779
3847
8518
7677
1876
309
8852
7226
310
100
8910
6720
6298
4707
2434
4041
5646
7978
4562
1832
2592
2322
8742
6867
5436
517
377
3920
9870
3869
9119
6335
602
5036
7415
1023
6255
5824
8049
741
1922
2910
9527
3239
9551
2557
4058
3549
2
3176
1812
1027
2789
4141
9026
5417
3927
485
7261
604
684
6384
8792
289
253
8218
8232
3039
6158
694
4485
9415
8330
2682
8422
491
6519
4376
2375
6809
5167
6100
9250
7404
4796
2442
5754
2240
2441
1204
332
3853
4014
5291
8102
6411
7727
3903
162
4385
1538
1509
7143
6683
7522
9982
5700
2600
5890
6052
4977
9309
4708
6781
329
2613
686
2107
628
6220
1054
1485
6967
6044
7370
3768
7058
1547
5356
6213
1974
6891
4341
8066
7234
933
4779
8401
5557
1400
3377
700
1379
5333
8674
9909
2840
4699
4358
4976
3643
9332
7192
239
5442
2019
3599
3552
6452
6979
482
3925
927
7896
4829
2178
3405
7767
2865
3106
9304
7922
1369
3430
7469
2067
8522
850
9666
4748
5511
4304
5684
2203
539
2007
1010
689
6508
1324
4828
4406
7152
1436
9633
7310
1952
9494
3113
7269
4196
2348
415
4703
7174
7419
1318
9762
9219
9964
6631
265
7653
4576
6754
8318
2650
5510
4989
8843
2248
8891
3485
9892
2742
2341
7793
1341
9034
8181
2364
7243
9735
4232
1951
5911
7770
6501
4761
9162
2302
1991
6138
2611
6072
5152
915
6105
1743
8381
6931
2549
8441
9111
149
7856
76
4985
9741
2532
1822
2447
3142
187
9890
142
5380
4805
2392
3747
2271
5106
1081
6791
3818
1095
2242
837
4727
435
7718
2884
1168
67
8841
2897
1946
724
1279
5254
5014
7374
9333
243
4294
7035
261
3207
6119
5905
5641
1585
4771
5501
5192
8120
9565
7279
1121
5492
958
7371
6982
9533
5302
3957
8442
2482
4638
1109
5567
6481
9014
2724
7178
1964
2586
5834
7660
2663
9832
9732
573
6849
1908
1633
8916
1630
7644
8834
1609
6188
9442
7812
5056
2961
7737
4484
3876
5811
27
1401
8557
3340
7299
9125
9610
2470
9797
9127
5870
6770
623
5767
9267
3668
4159
3677
1997
9642
2016
6564
953
1203
3565
3069
7503
9544
4250
2310
7662
8615
7871
5751
4283
5294
6200
2727
9024
1262
1215
7963
1096
9490
5910
7750
3269
5732
6387
1980
2396
9692
3597
497
202
4408
6610
5095
9950
3898
8778
8493
9168
3077
1348
2162
3610
8277
8750
3014
4368
2931
5523
9792
8173
5360
2954
1218
9903
1817
6570
6167
1956
5589
228
5261
4834
3749
1201
5339
1093
1599
940
526
7505
6373
6458
5995
5629
2415
9202
2354
4433
9953
2674
5094
7098
1129
5327
8737
3
2927
248
8223
4780
3559
651
8849
3290
1038
477
909
2202
5118
7086
1315
8577
7742
968
9470
2964
1296
6922
5404
4419
3930
122
9480
8755
6412
5650
4747
6687
7468
3902
2528
507
5249
4116
5209
2982
6635
6530
9988
8699
7972
4792
7648
4234
3403
1251
7536
1164
5831
6473
8776
5179
1731
4348
6749
1957
1493
7778
1564
2778
2584
3029
7805
5160
962
1266
8094
8301
6161
2008
8477
5035
6043
5316
1543
5659
3871
1684
3212
6483
4842
8201
8630
2456
1791
8885
7908
9029
4954
9346
3364
1268
4362
9902
9239
2502
7031
1290
2133
1321
8858
4745
9993
2406
2064
1805
893
7855
7889
9651
5565
3033
2801
1896
5897
236
3641
5229
7111
3382
9607
9537
8159
6272
3743
823
3383
8959
871
773
9675
6667
249
3823
4176
1550
3476
9028
6371
8720
4363
3362
5512
9090
906
1003
4359
164
5068
8241
2853
4011
832
227
9674
9083
285
8175
7453
7892
3196
487
3055
8390
6726
102
1240
8892
901
6405
7433
2582
9600
3706
2125
1407
3015
4810
3534
7630
6502
8993
3531
7160
5499
8127
2118
5621
7065
6438
418
9722
1577
6829
7100
9298
4310
2698
8309
2086
167
1899
7885
4222
7204
2707
4906
2534
887
6302
6790
6460
3554
5205
2314
5545
5433
2194
2809
3138
2792
1995
3275
3076
7594
5746
6436
4378
9161
1005
9601
426
3047
6710
5867
7220
3487
4045
2620
5579
2514
5954
5965
8663
450
3452
9308
3886
4334
770
4072
4652
9242
6935
9770
2547
9575
4632
2672
5576
2994
2886
9327
865
6243
1528
5221
8866
912
6449
2184
6359
3507
975
486
6258
9721
4844
4350
7643
7542
7956
5253
1624
3332
4322
7563
5874
1913
8244
2976
2846
6947
6939
9861
6390
6878
4013
535
205
4457
7958
3687
8085
597
5984
6912
8554
2732
4798
1875
2900
5359
4793
4402
6921
5351
275
3926
5813
617
6633
3496
5933
7526
718
6089
5245
4878
672
240
3357
1774
8215
3439
1343
481
3241
6062
4644
3319
733
209
978
3054
2073
1236
2489
7982
4949
7162
2018
140
4439
6750
3840
7352
5396
6846
3346
575
7669
3421
2256
848
4588
488
6527
5080
8558
4558
4549
707
7803
6015
4034
2399
4096
7621
5829
336
3627
1765
5143
1963
9849
8942
8683
7200
7002
7161
2795
6602
2439
2525
2845
7898
1985
7983
6816
2933
9668
5041
2991
7046
103
1708
4128
6191
7119
9067
49
2920
7794
3137
3940
3387
9249
778
1209
5604
7552
397
7318
5479
6232
2339
4811
5864
3466
9044
6187
6478
61
364
97
2343
6728
7697
3568
4085
6489
9919
5731
1810
9552
2140
1100
8643
998
4245
1254
9076
3710
7798
8934
5206
1089
6783
8696
79
4173
1839
333
2351
2459
1072
6393
9348
6337
1890
650
3083
5270
82
8413
2006
5840
9123
2576
7326
2815
4698
2417
2579
799
2601
3575
6297
7502
2561
8000
2208
3786
7041
9017
5540
7042
2955
8905
1541
2169
432
4711
255
7430
7847
7938
2424
266
9381
8435
6185
2523
6164
5454
8466
9623
6286
1468
5554
2832
4889
7620
3909
6067
4394
1389
7615
25
3169
1990
375
677
781
4909
8160
2469
3801
8677
8807
3992
9419
1912
7954
5542
4215
3224
1735
9329
2034
16
4008
2736
7613
3629
608
3779
3744
1491
2939
8475
1178
5233
2818
4247
954
4826
4449
1490
9740
9052
1434
2864
7048
5066
802
5515
1131
5010
4042
1006
7117
1827
8323
1322
6819
339
3967
1060
4080
5917
4879
1999
229
3006
8772
1155
2071
1856
2984
2828
2997
4596
7033
5200
6839
8078
7414
6866
5869
4312
2571
6721
5783
9538
5251
4657
7731
4324
4318
8366
7928
1055
1497
4640
4676
2913
5293
5693
3604
9752
7957
8588
440
855
3200
3249
7499
2687
3238
8877
4038
2574
9554
3718
5104
3299
2689
1159
7837
2247
8154
2877
2662
3974
5801
5389
6290
9811
8312
4940
1507
23
9650
6808
7704
5645
2765
2524
5689
7568
9319
8573
2150
6336
8076
6906
8757
5803
428
7783
7819
5826
1408
7399
2448
2541
6525
1615
9405
3264
3027
9620
3328
4965
2893
2094
8253
6964
6618
6020
8653
7485
2677
6653
6758
317
5116
9372
626
1276
1797
4448
136
6282
2841
6974
6904
9002
1326
2937
6484
509
793
9235
7593
8845
5772
3828
8801
2642
4702
2337
4971
1033
1789
4260
2397
3127
7267
6276
9178
3807
4849
9234
3367
1022
2895
2981
6865
9098
2656
5308
9783
3661
1368
6522
3386
8086
376
6893
2512
2024
1395
1639
5353
2867
3815
1065
9436
931
8912
4270
3154
143
6705
7079
5877
6377
1125
51
7083
5882
7761
3658
5498
8373
4254
3184
8871
5982
2204
9359
120
6260
8096
1525
9401
2572
9159
3757
7893
2697
7627
3713
4769
3372
6902
3456
5305
9146
701
494
7864
902
9923
4546
6396
7107
3263
1542
5067
7284
9433
4155
7481
9744
9867
4728
2131
4600
5147
6760
2992
4648
6144
4514
5392
6882
3946
9134
233
3741
3726
3724
3827
917
2901
7797
9593
6852
6042
4269
6741
5806
9218
39
9928
7258
4040
2898
4622
2001
4896
655
1798
1421
6854
6521
2633
3426
4704
883
3562
7789
4529
1440
3432
5559
4717
895
5008
8658
9430
8827
6589
7335
3545
6993
6671
390
2113
7474
9263
3535
3547
1914
7103
1637
2651
663
8361
1993
9606
8357
658
8077
5596
9165
8307
1874
3072
9684
7375
2830
2053
7834
7998
1802
3048
4180
2181
7906
2255
8286
1310
1329
2546
1751
5827
2510
5367
5583
7623
3368
64
380
9995
3621
3026
431
9380
6026
2871
1015
9337
4145
7720
1576
6157
9508
6404
452
1582
2218
1622
9720
4435
826
4756
3652
7128
1762
5222
2522
4470
9394
908
9759
4867
8452
560
6597
7329
8649
1941
7186
9241
4354
8205
530
2628
1111
3976
9145
8214
9822
6707
7838
6226
4204
2185
8851
2316
2030
2746
8886
9693
4386
4447
5368
8661
1388
9352
8559
7397
9622
6097
6055
1601
8230
7061
7554
6317
6884
8506
2304
7530
3302
1811
5714
4616
4360
2894
4668
4730
7730
3008
2793
1887
4540
7078
5478
4007
2317
8294
4428
7219
9876
1110
1377
8438
2128
7521
1770
8176
4237
8811
5922
7901
5398
3279
3914
5139
6592
9049
8213
5918
4098
3066
401
1344
9683
6548
1776
9521
8490
9183
7057
5283
1871
5585
9339
5239
6098
5107
3061
5690
555
6208
572
9615
9108
8056
7617
1675
392
592
8048
3572
8407
9765
383
2315
9665
6934
5733
7904
4287
458
9282
3574
5593
6427
3917
2874
3391
7097
9462
7348
6199
5487
5561
4414
221
2678
6477
7576
8382
7807
1018
9041
9840
6712
1975
9200
5124
7745
984
4029
3472
1372
3889
1944
2509
7880
6901
8359
6210
1448
4973
212
9619
2720
7967
5267
6490
69
1424
6511
8399
4219
4174
9918
8605
9709
581
2157
3682
7866
9475
3644
3320
5007
1932
2244
3414
1312
2012
6765
599
5949
8642
8335
7670
3185
3874
7661
1053
3987
636
5541
5779
5425
1539
3854
2888
5857
6830
125
7095
5317
9469
5971
6529
9311
278
8339
5265
3686
7632
5342
3378
2766
1533
9472
782
7639
5
6844
3890
8319
5015
6281
8786
7977
3255
5695
833
5132
9883
3182
3119
2634
2151
9132
1545
4685
6558
9901
7320
9173
6186
1257
1466
7175
7577
9043
4265
4843
9842
2544
3530
1041
6858
404
4606
8920
4211
4994
4298
5101
1172
6681
357
7509
7203
5108
6553
6332
7802
997
508
511
2005
2289
2817
3130
4959
9976
1801
6917
5649
7535
5406
2048
8009
6408
2945
5135
6088
7649
6095
7464
9748
9174
4722
2475
7446
7069
4880
6354
104
9836
8839
7325
1235
2623
2336
7067
3390
5947
9968
5990
1245
7776
8609
8456
1722
5224
7754
6432
2363
1478
1224
2813
2468
9595
6172
9084
2426
3603
6151
7524
3170
2573
7645
4957
5992
271
4760
538
1799
7228
4262
2967
346
7860
8873
9987
6012
5771
5528
6622
3282
8597
2643
9894
8351
5618
10000
6874
5672
2932
6322
1475
4725
8909
9166
4650
3335
2171
5862
3516
518
3473
1787
4905
6109
755
7618
1829
9994
3994
6482
1656
5775
9148
7332
888
6239
4635
8946
6545
8340
3988
6386
6106
9362
2527
3767
6623
9887
1505
2948
2191
4454
1606
499
7379
2583
6965
7487
1977
2236
2413
1612
8800
7422
8617
1652
7321
9238
546
2130
4619
9428
8603
1399
2747
2124
8989
9492
2443
1598
9978
9886
1683
1496
3594
4282
8288
9838
4736
5082
3373
1191
6608
3259
2740
2684
7270
9087
3424
9939
7280
1352
1554
4052
2975
3543
6058
320
8467
4255
5105
7817
8424
1654
8471
2759
4860
7916
6658
3218
5863
9197
8464
1428
7564
4684
325
6998
7435
5113
5440
8704
9270
7771
2741
6632
4329
7235
4895
4589
749
402
4689
5145
7654
3197
6986
767
6693
8389
1755
5102
3695
1783
758
3576
3841
3965
3370
8914
2517
2754
1623
2144
8179
6806
4602
4054
2852
3525
9572
1788
8652
6585
652
3852
7113
3623
613
8994
5991
1211
6147
2848
9664
4274
8703
6560
2264
9315
9499
3612
8099
4373
9736
4666
4710
6900
1537
382
9888
7071
1195
3449
514
5280
1513
715
2925
7993
516
8433
9335
8344
2027
2539
7508
2333
2826
29
3526
3024
2076
5012
5100
2433
4500
5631
8075
8415
7589
6470
842
3075
8437
3243
545
9104
6752
4488
5231
9179
3233
886
6028
8210
5016
1108
6591
4910
5210
7238
9931
231
4778
9427
844
6154
9807
4403
9221
1725
2661
9873
3143
973
1453
559
3746
7997
853
6740
1782
6898
3429
6661
6251
9338
8111
8478
6504
2764
4773
6235
4343
9714
8793
7327
281
7444
2757
5461
751
9528
6627
247
6077
9992
217
3420
8379
8902
2916
7217
2566
6785
944
4167
1784
2706
22
1425
2803
1572
2453
4938
6709
8655
6229
4623
5776
9862
1705
1781
5683
7913
2567
3318
4357
6676
2564
7223
9599
3023
2163
6291
4306
524
885
6787
9631
7167
8620
2388
4496
6145
769
2530
629
7787
757
4527
6692
8184
8337
1625
6704
9432
8976
7636
7814
8283
6762
1611
5315
31
9212
9567
9662
3906
9816
2407
4073
614
3067
6093
925
9486
9673
1664
3084
9518
9477
7614
87
1682
9
1516
2296
1446
5601
2671
864
6032
7900
6958
6279
5718
9038
3520
1183
2081
2644
8622
7023
5332
3073
3680
2051
6118
7170
3837
6976
3802
2655
2427
8222
3041
9592
5282
5298
8906
1834
7699
8981
1641
6932
3090
8505
93
9835
8816
5820
7917
2719
2429
2729
1790
699
4886
6706
8185
5755
1061
4082
461
1139
1387
9425
6360
7842
2269
7146
6768
814
3864
7173
1481
6416
4882
683
4288
9723
1780
5357
2401
5182
7884
9966
9151
7716
4273
1936
3846
3915
4091
8960
2616
8276
8227
2700
4212
8826
4120
774
6378
6723
1128
9891
106
9525
6308
9649
9382
5462
5809
9767
5410
3633
3548
8565
3555
8360
7196
3509
6587
9109
771
6494
4520
7
1732
750
3321
3566
619
7051
583
4723
5691
5348
7602
1153
1596
8763
9730
3057
8729
5529
6248
1608
6736
5908
2772
5469
6578
2985
3647
9318
2108
503
1460
717
1469
9307
295
5401
3034
988
1221
8579
2253
7596
7692
1983
4111
172
4336
9769
790
4169
9243
3693
2617
463
3748
6342
4434
5527
107
3982
1418
9550
5830
7056
9323
1926
2819
2589
5099
7606
303
8769
6159
3963
3688
4370
7252
7495
5586
7137
2501
3010
1600
8671
3342
7363
2490
5136
2658
739
3211
4658
7206
1427
7779
3394
4056
4815
1853
5605
8481
4917
7385
9834
5495
8073
4967
7322
3515
5432
3632
4157
7341
1561
5430
4836
1786
207
7858
7018
9798
3250
4400
6071
3613
1114
250
5835
7970
5273
5219
6406
5502
6938
3018
5177
4753
3791
8690
9643
7019
9511
5676
7845
9629
1161
5195
1228
2122
2437
2535
4133
4339
4061
2794
4749
8394
6025
3805
9167
3103
4009
5289
7475
3199
3265
5854
7436
8952
6491
7303
3167
3441
6617
7413
7014
9969
393
534
7728
3147
6837
8913
1135
7407
8626
7924
7182
5899
6925
2041
9913
4929
2716
4851
1306
5040
9048
7782
7343
6389
5443
8037
644
5926
216
9777
756
9042
32
8947
2988
3122
9663
723
213
3928
8193
4591
347
9275
7395
1410
9230
1260
4950
3598
3280
7843
95
4665
131
7016
4168
7652
8274
4263
8494
2058
1476
5188
5599
4242
9519
155
117
469
2735
6227
2129
6104
2949
3609
8756
952
4572
579
9679
5084
6183
713
8638
9712
2588
180
9542
5720
964
8752
6503
1212
1828
9302
9001
2995
3808
2940
4321
7254
2028
5823
817
2590
1510
3123
8290
2371
553
9284
387
7427
399
1291
5644
8650
1019
2562
1579
7177
3352
1047
3952
7758
1229
8536
8148
9782
4908
90
3428
3381
4206
5730
1433
6257
9553
7765
3358
9856
5715
8089
7006
479
2232
1819
4679
2703
6464
3901
3168
1969
923
2221
4279
2909
7383
439
1148
5920
3657
9466
5680
1841
6963
3385
5952
1766
6400
7044
5193
2917
190
5150
8421
6742
6397
7298
8627
3188
9540
4615
4451
8423
2164
9458
7714
8499
5412
6803
1071
4166
7544
6440
6626
4998
1808
6702
6066
21
4319
6014
6948
3721
3225
5126
5640
7451
2784
3714
1001
8521
422
7952
8923
2963
6364
3634
311
2015
1137
2056
234
3536
9448
2896
4275
1046
8985
7124
647
4604
9485
9636
1413
4569
615
889
5341
7292
4692
9577
8889
7738
1002
7945
5204
9000
2132
2215
5465
6743
9749
2631
6795
7091
6629
9908
8646
990
4530
348
345
41
6616
2883
5087
8556
7637
2167
6196
6267
5162
1800
9583
2773
7850
2292
2183
5304
7032
1847
4026
3622
2834
2332
3770
3737
4492
7027
558
8142
8374
7266
3116
3665
2087
9330
4286
456
8857
4326
728
4032
5362
5973
2362
4824
6182
4533
1864
6782
4646
7109
7657
934
4486
7573
879
85
1826
2970
972
269
3457
2637
4472
1104
7809
1981
6613
549
2233
4654
8095
9437
2609
9548
6304
8634
1223
5292
6737
1362
6555
1860
7281
5089
3845
550
6231
4888
7723
668
6051
3261
9786
2100
6284
4469
2258
3980
7248
6450
3681
191
5178
4719
1511
5962
6350
7528
3411
574
4367
6230
6789
2359
2696
3781
2345
2538
1073
1025
6195
8712
7547
9440
2587
9872
3208
6102
1739
1979
238
9101
6779
2182
7043
4974
9137
7877
1603
3719
6724
4064
1437
4458
3268
1186
5069
6283
9899
3866
6541
152
341
639
5025
2771
1039
4089
9667
2821
7418
6008
4617
8619
350
9476
4574
251
8821
9184
2722
3923
921
6911
4462
3998
5875
5521
6549
4443
1942
6812
4797
8343
5438
6325
4914
6469
6701
9965
5257
3159
7240
6468
4571
9850
8548
1197
9726
372
6576
841
4900
5290
8648
7826
1360
9936
5168
1232
3792
1269
1199
5399
3678
890
1676
9812
2869
8908
8285
5722
6732
7393
4869
3355
9131
7749
894
3118
5018
105
4031
3848
1661
9092
5387
2710
7189
8150
7890
54
8929
4598
2201
9865
1795
9225
7275
65
9576
8266
4626
7600
727
1945
4563
3214
5663
1978
3558
5977
8664
1373
6146
9818
4922
8482
5464
2275
7580
3580
9191
4978
6868
2213
4246
7461
5071
9030
9787
8428
9266
7421
7317
1105
519
4140
9695
9227
9900
5988
928
3365
319
9691
1814
2350
3098
6075
6552
1459
2744
8483
4364
9500
9473
3591
5639
721
1385
8621
5006
6572
8364
1051
806
8450
1521
1007
168
3735
3504
9911
5379
704
6914
8489
7810
3446
5778
4936
1858
5264
6766
7780
6556
8974
6999
3085
1487
9409
5568
5655
2083
6256
5832
9397
4848
3924
6296
2123
9920
3605
892
5052
4857
1873
1721
4365
160
8257
3626
8426
4189
2405
5708
1165
7454
7918
9301
1927
1361
5906
4208
4244
6029
9851
3078
4110
3183
5053
8538
520
2531
9065
8612
711
9020
4182
5812
9627
8504
4257
3865
4912
5670
8242
6341
6034
7458
3115
2692
1653
9300
8531
3546
2519
2013
1090
5666
945
8782
5757
4996
2500
449
8618
9972
9515
7951
919
8758
9018
3095
5026
2944
4669
59
1758
6417
5086
9443
5901
8654
1380
3793
7434
3592
8134
5849
1457
9062
7676
5703
2638
9204
3877
391
7947
6923
3236
4876
7578
4633
4132
7376
4979
9459
5378
3162
5724
2596
3593
7944
2889
6580
2190
8734
3287
7703
1604
3246
2857
5964
678
7609
353
9229
475
3497
476
611
6694
7060
7698
5861
5237
7169
4983
2907
2717
9809
9312
5349
8054
8789
9463
8444
9258
9450
9504
6777
7841
2786
2545
5137
6059
4004
911
9297
5424
706
5169
7349
4992
2556
322
5161
1182
4317
7846
994
9273
1816
7736
2503
4813
637
4344
501
4106
1796
4084
4713
5391
2660
2987
6801
9970
813
8616
9710
5274
2249
2861
7020
5090
9951
2319
869
5388
5446
6345
772
6277
762
9457
1270
7268
1534
1930
9194
7163
3038
7710
8675
6746
5956
3395
8455
3868
3958
9672
6293
1141
2816
1435
8396
1711
3174
2770
3089
5538
7012
797
323
8246
1530
8186
7315
4307
9210
9997
6096
2142
7230
8114
1672
5285
1905
1667
9060
5976
8070
4734
3178
9032
3052
9512
3007
3464
9823
1744
7074
6410
6611
9825
6835
6798
6099
34
9086
1855
8116
6437
7560
4740
4791
7382
6407
4726
9585
146
6639
220
828
3973
4297
138
1120
3257
5259
7036
71
178
3764
6579
3471
8270
926
4446
2430
5638
3234
3816
1416
4508
7768
5848
5172
8418
9957
1403
8168
4678
4775
8980
5175
8669
8024
1863
9088
3935
2891
6638
1854
5434
83
970
8402
4544
4874
3961
5405
6488
8686
4129
150
5966
1146
5759
8080
2352
6649
5828
5483
3206
2708
5506
2431
5263
6961
7336
1420
4143
6180
899
8263
8197
5166
2892
7232
1470
8697
2704
3571
7142
9979
7029
252
7493
2520
365
7149
5570
6380
2193
1419
2941
1900
3812
3638
478
2103
1043
2155
9946
861
8141
5144
8777
3120
5595
8874
3109
3670
7518
8027
1851
5748
4475
3763
544
1450
3692
7961
3001
2280
1234
8887
1062
7062
7135
849
7282
5749
4338
5486
5475
6975
1695
5562
5109
8198
1185
9802
776
8367
3229
362
4820
9543
716
7364
3149
1586
5921
1728
2862
1354
7102
7891
9023
6609
8890
8353
8165
9753
354
407
2782
5608
662
7762
4346
6330
4785
3389
829
5981
5558
4871
5038
2969
8575
6250
1720
6101
971
4737
8050
1366
2206
8200
8463
388
580
2436
33
1704
6275
326
8395
1192
641
6647
6379
5573
8391
2040
2780
1140
3303
2488
8338
3132
3897
2774
6394
7466
4832
5211
5517
363
254
4543
6496
9482
2411
6160
5312
1779
809
434
8324
300
4046
5220
6323
7181
4453
4109
5325
2347
3404
8547
7090
7683
5423
3586
7362
8764
4158
5504
4649
9152
9696
9495
6735
1238
5526
556
1849
7411
8503
3896
6738
8589
1298
8196
6498
8135
4609
3943
3651
5907
731
6877
7800
7953
6065
981
5611
1636
7656
4181
3821
2172
976
5024
6716
3013
3730
6817
459
2665
8149
6663
7624
3703
9877
2471
123
5247
9884
8006
6670
7159
6968
6347
4975
6091
2745
4272
46
7694
6289
9417
1563
918
223
9698
3371
1934
2595
8088
3738
5960
5717
9989
5121
4696
8714
8936
3339
5453
8662
8448
298
8546
8485
6418
6127
3220
7084
6945
7592
9925
268
5164
5493
8279
5347
9402
794
705
2325
8875
8939
9479
6169
8545
8018
3308
8429
9192
4512
7969
3495
2881
7566
1575
6651
5661
256
6024
6246
4823
1850
3205
1573
1216
1809
4165
1659
9796
7242
1680
8480
5588
4392
4770
9860
1976
5103
7050
3745
9314
9715
3835
789
3701
6646
6515
863
3691
6479
8055
7110
4243
3645
3839
9784
6376
1880
9718
6456
7863
7447
3300
5674
8040
943
4209
4160
9780
4951
8915
2666
6064
5444
9355
8376
6523
5810
5808
7706
9889
7489
8582
8069
9687
2141
7105
5780
7007
7685
5657
5256
3209
3844
9579
9506
2243
1959
9496
4768
1687
4536
3171
2263
569
4700
3479
2553
6542
3511
6933
5763
5687
1241
5923
2965
3470
665
3288
924
128
1571
3971
6619
5664
6262
9739
2694
8517
8255
2903
2648
1458
4845
2737
3114
1337
3401
4221
4423
8876
7432
1210
2919
2479
8656
6598
3872
3895
5001
7381
1821
8537
5932
2078
4695
8899
5452
2580
6306
4840
24
8733
2639
5785
6269
8501
4899
8983
8997
7992
9033
4351
764
7337
965
495
7386
7416
1699
4873
3380
8571
9287
1439
4585
28
6177
3814
1333
8937
2918
5518
193
2293
331
9589
384
5122
8219
3539
77
2953
7276
3037
7585
5159
656
7514
351
7964
4177
6644
8404
7473
3228
1438
2835
9384
5123
8392
3611
9091
7150
8660
811
8058
3551
7581
2781
8025
3529
6856
1052
6381
5556
263
279
1895
9768
2924
8224
5441
4102
4712
1045
3750
2143
8447
3754
6505
5115
5262
2858
5514
1102
8350
5547
5574
2101
7417
1
5587
3650
9410
7096
5409
7328
454
8765
9738
4903
1173
6851
3704
4634
7854
5131
1233
8992
1330
6612
436
2402
2095
5463
2973
9216
726
9532
870
1559
8387
1862
3240
81
5044
5243
6446
979
9833
4190
6333
7471
330
4230
7441
2279
6761
5142
2472
2725
3780
9177
910
2856
1658
4150
7527
3694
8268
1278
6307
5448
4595
2952
5865
2369
9990
8256
9260
7038
5777
947
7166
9803
9917
6366
4235
8580
7409
4928
9321
5534
352
7804
4787
3310
4074
1580
8963
4345
5989
3660
4645
4846
9810
8183
7823
4187
6181
533
3129
5228
1356
9598
2581
9487
9121
8327
9050
6892
9493
1429
7763
315
1892
4465
413
3431
8347
2135
7700
198
2382
443
7553
7073
8297
6813
5704
1843
4733
8022
6395
7746
409
1370
6078
9421
1132
5065
7622
7285
1029
9821
3044
7410
5223
4039
4024
20
9181
2154
237
45
9103
1888
7144
4605
9996
1013
8237
8847
6435
9893
3191
3202
9063
6832
6797
2461
6547
9379
676
3329
1907
4374
5343
9320
3051
3108
2536
92
2922
3144
9295
753
8709
999
8169
5619
8476
7231
8601
5913
6211
473
6536
6370
6524
1777
2797
4427
4941
1671
3281
9328
6244
9789
1749
7101
3727
8636
4015
9190
2074
5077
4731
4309
5203
5364
4366
8932
4184
8706
6625
5023
8657
2885
3274
7701
8586
8129
5186
1004
7666
7743
6983
4742
9603
5427
2751
3728
1423
7480
4302
158
8188
3859
4075
8192
6757
3567
6206
1618
7092
8921
8459
9478
7713
9658
8516
8292
8446
2713
4524
1569
845
5878
2788
2276
2216
7245
4772
9211
4083
996
7587
9406
7902
9268
9805
3986
2839
6361
8694
7965
2578
5884
2914
3331
6294
91
9820
8369
3267
6584
6005
9361
6949
8806
4865
854
8271
1189
4203
63
1920
9815
1207
3408
2385
5306
5119
6451
1909
4092
4398
8975
3139
9845
8922
1152
9107
2873
1701
6462
5032
6908
1014
4271
3091
585
8342
4774
8560
4289
5651
8007
660
6562
8692
7529
5048
3956
9984
3573
8174
2209
7000
3742
2272
6374
8298
4741
3729
1376
5594
2105
9885
3561
2986
2297
6176
4789
821
7486
991
3292
7121
4724
4934
4252
2230
8512
4528
8533
2555
8562
2262
9126
3873
270
6996
800
4608
2251
3867
1451
7273
2273
4855
1688
1707
7377
4383
6686
8958
4580
2112
4831
891
1447
7874
196
8628
9377
4755
2199
6796
6126
1504
4103
3708
4498
4119
6331
8805
7004
4631
1757
1950
9954
6309
3513
932
5180
4012
6662
3581
1949
8550
58
8380
9678
9731
5307
1170
3134
8207
6242
866
6021
1879
7681
6641
2309
7358
2173
4547
6546
8822
557
3133
148
7470
8600
9907
9400
1339
7943
9164
182
8953
4830
5822
1655
4217
2361
3783
4559
5696
7197
9977
7369
2088
8781
7821
5079
3785
2061
8687
2804
9089
8931
9766
8896
259
4126
6991
1036
6352
9071
1690
9943
2017
3477
8808
8417
1145
1620
2669
1384
6201
4099
8245
6920
5896
6049
5671
3667
6493
7311
7844
9517
3190
6018
4163
1394
1893
6485
8046
4261
3587
3811
4670
7355
8795
2229
4390
2838
4847
9322
9073
8785
1196
4997
7941
8236
4966
4964
3359
3266
1099
6535
9839
1962
779
4231
324
1752
6825
5112
6170
5428
7925
4101
5386
1480
7257
5934
3444
5784
3664
3410
6648
6137
5318
9728
1250
2282
4464
5057
4993
2979
8888
2604
5935
416
3936
7112
2104
5076
5916
8610
13
4413
3475
5191
7116
8969
6351
1966
1764
1138
712
3948
1079
3929
6348
7827
9737
7176
6038
957
474
6453
4567
4473
6241
6680
5847
5278
6759
9141
9110
5508
5656
6734
8204
7213
610
8672
3590
7488
197
6794
9054
1746
465
1486
9085
6430
7339
5930
6769
5281
7359
9009
8131
5697
5310
3891
9013
1351
4057
4952
4268
4476
9031
1958
738
1225
1381
9983
2668
2627
8815
1334
8863
2127
6824
5208
78
6756
2039
6168
3636
5314
9697
3624
9661
4937
3700
6690
9986
5726
192
2368
3230
1562
5728
5248
3451
6022
8406
2851
5072
72
3699
7806
5117
586
4926
787
9418
4721
8273
3406
3804
1367
8791
2912
1231
5833
1631
3002
7886
2328
8495
3349
1627
6989
8487
7852
5505
5241
7872
5612
6136
4807
2733
6506
6926
6951
184
9114
5660
2855
9306
4762
540
3049
8869
4653
5255
4037
8147
9938
9386
9520
3760
9416
5194
2009
7987
4233
5549
8470
6316
5738
622
5037
5133
9360
5197
5782
4822
4519
1396
66
2288
3777
400
5678
3862
9353
7541
9896
881
496
5931
7438
6664
6802
7304
6487
9596
2294
9945
8859
6103
4175
3806
5943
7244
6659
8773
3040
6981
9562
7905
9011
5287
7288
5737
1477
7801
6419
4507
4088
9015
5311
5482
9231
1160
2811
7786
4863
3393
1471
2902
5927
3606
6445
7870
2750
4093
3232
6513
2374
80
7003
587
2323
6228
2092
4988
9617
1519
2445
847
2654
5686
5383
6299
5372
9529
5373
9120
6392
1020
6320
3045
5980
7482
2210
8410
5509
9588
224
6959
4541
1971
9465
1666
9912
7193
8146
4179
2494
4819
6831
8833
8144
4568
5743
5330
3584
1638
4295
3032
2326
444
9509
6002
3856
5439
7546
7233
4919
2091
6960
5819
5471
8930
2486
4816
5987
1989
2831
8439
406
3053
4969
2951
7132
5665
6571
5791
471
568
2160
2483
5898
1835
8212
3297
9237
7265
408
7912
2943
3533
1605
124
5034
5173
2847
8194
5081
1867
1568
7361
4659
4200
1328
9445
2458
68
5853
8796
2106
5841
1028
8425
5569
8855
5097
96
5787
4384
2174
5078
3481
5085
5799
7237
2466
7172
3022
2748
601
1208
5413
5146
7450
3617
4131
2000
4290
9434
6266
6640
1158
9153
1645
1740
9634
7389
7523
2408
6053
8837
6467
8299
4479
8137
4303
4134
7603
9156
2702
6780
3569
8326
5950
2245
8965
4509
2425
7910
7290
6677
1382
327
6084
4956
6518
290
3787
5667
5548
6193
308
3831
4939
8549
7686
9756
3514
5459
5187
6873
4621
4291
9571
938
3977
8872
7307
3166
3254
596
287
1347
1696
7133
1443
5005
1665
9680
8431
9624
7039
5002
4086
5258
8419
153
7533
5993
1349
1068
5694
4281
4667
2200
2693
8030
7926
3672
7222
8370
985
9685
273
6035
5986
4405
9391
2153
396
6977
2186
6238
2603
5266
5489
3262
1903
761
4409
5096
3954
5029
3996
834
292
5788
7790
3949
5363
7022
7148
3273
4577
5620
8900
7277
2079
3892
7948
6253
154
7448
4495
8281
1063
8341
4499
6247
4487
4525
9841
7937
1358
1456
4156
7808
3376
274
1548
4136
7543
4170
483
3503
4915
3043
6696
858
1227
8434
9223
2428
1430
3795
8771
8995
9655
1091
8202
6985
7511
7690
321
9253
1518
722
541
2069
6730
466
1712
6457
4188
2383
8935
9147
5712
8026
4028
4325
5723
132
8596
421
2331
6300
987
1868
8535
6171
3918
5624
4999
1346
2911
8644
5064
2926
5051
1115
1617
177
4340
8640
4138
9195
8954
8061
1088
5919
4890
3417
1723
1398
7734
897
7089
3968
830
2688
9207
1870
171
657
6492
856
2899
6697
2526
1126
7428
4238
9632
5654
6811
2463
6365
4759
8166
7849
4924
1837
605
5653
328
3100
4962
4186
5710
3570
5190
3553
1032
4081
9199
788
3774
3717
1261
1319
2020
7792
8199
8825
898
7688
2872
2762
3467
5070
2537
3163
6194
2330
3829
4705
4754
8414
8053
2699
9175
5114
7347
6942
7920
7741
4817
1815
453
2234
7400
6630
7255
2444
2511
8430
5786
8751
5837
6907
1806
8316
4053
7534
5091
6056
9008
6943
1898
4466
2226
9051
1886
4765
4504
9539
7130
4729
2516
3350
618
7021
3989
8405
5707
40
3602
183
5781
8883
5909
1935
4953
4933
5705
9963
9460
8684
5887
6236
6259
5376
6883
7774
1953
804
1119
8308
4651
7831
8809
5286
9074
1566
5668
2421
2983
370
1280
4436
8955
6383
6755
1127
4510
3493
4804
8153
8032
4550
6509
1077
7250
744
2950
9611
1929
5880
3110
6833
412
2358
5768
3766
8625
5303
2731
9609
7887
8243
7980
9305
2822
1281
6090
9149
8881
6924
6520
9095
7088
2775
7045
1300
4706
4642
1968
6039
9369
4412
946
9045
2598
9206
743
6215
2283
2390
5957
1489
118
2355
2450
5207
2084
1965
2533
5904
9703
9193
3221
3705
2270
2755
5721
3933
1692
3851
7008
8023
8768
2090
7195
1681
2768
5606
5939
4199
3589
710
9547
2675
5234
8352
3348
9536
3136
872
1112
8879
2560
8957
2126
260
3655
9563
6474
1670
862
1258
5701
8918
5858
4104
9356
312
4330
882
6698
8542
1846
6559
2859
6403
5581
7733
9827
7194
5275
8567
7829
9535
880
2340
9866
5321
7946
1648
8258
7638
8305
3538
360
119
3298
8280
6013
7911
5636
5550
4077
3616
3296
3323
9170
5075
9281
989
2966
8106
9113
4764
7145
3679
1551
3305
1213
7378
646
661
1094
5800
1142
3858
6349
9755
8412
8543
4920
8731
5630
5447
5381
4693
3508
5390
3480
8259
1594
9795
7709
176
446
8420
3231
3021
3433
7344
5747
6344
108
411
7013
9498
7082
8911
5889
4425
8226
671
2036
5634
6016
7456
1037
8151
4893
5400
6280
1925
4069
2936
6714
8568
2905
8835
4305
3046
5045
5370
5903
1931
1084
6480
7153
624
1494
5860
101
9021
6132
5815
9172
8651
7209
7087
8928
8563
6805
6864
9497
5758
1869
1482
8314
9808
3082
1239
3887
7484
8363
9010
3291
2738
8804
695
4002
7532
4674
8014
8329
9854
5407
2974
219
9559
6773
6575
7824
4148
8738
4613
2267
88
3244
6073
5836
4542
3223
4673
612
7931
5358
2752
5369
7324
2057
1852
4033
7183
4565
6540
369
3800
1056
7491
8377
9366
959
4943
5458
2054
2410
8484
4875
9455
7216
307
4468
4636
7775
4864
4320
2305
9530
9364
5769
7815
5494
378
8
7437
3463
8943
5149
8051
643
8386
5968
3512
2887
6192
8978
2635
6409
4548
2072
5745
5996
7205
6233
8189
9288
2290
1527
8019
1686
3435
1144
7520
7136
9711
8334
4248
1116
8761
635
3141
8449
420
3399
1365
5614
8926
8321
6628
688
6927
9016
5431
759
5415
3850
3959
6800
7264
1417
9557
4151
2480
2928
7629
8090
8502
5297
9750
7949
590
6654
9772
8576
47
7323
4278
905
9639
6636
338
3731
2285
3341
3314
232
6840
451
7156
8970
3630
8925
3419
4944
4047
6288
2378
3425
3276
8590
8304
4590
9413
9116
6557
2515
5093
8164
2138
6539
4960
2177
7059
2344
7705
3790
3293
1587
7548
7608
7537
3736
2495
8468
9713
9582
9932
1514
7936
7940
5643
1292
5590
235
9004
2377
1163
9586
8741
8097
5039
3277
5673
521
8595
9072
4497
548
9671
4259
7966
7185
5975
1878
2460
8060
1101
6507
8225
659
5915
9613
6727
8325
1374
2220
2868
5141
9456
7923
3843
2037
3484
3519
992
4115
6665
7212
3776
6124
36
7025
1524
2149
5098
6068
936
6023
8972
6116
2843
4687
2042
2097
5516
2624
6131
3413
9317
791
5279
4923
7294
3251
7631
194
4241
7549
5632
4194
913
5805
9975
9244
8492
5473
2640
9584
4987
5165
7990
7994
8507
5804
5924
5719
264
3588
7579
1768
5633
3050
1748
5337
4292
9037
4991
6398
5551
9257
4122
9788
7049
5365
5851
1824
2055
6442
4641
6000
2621
6497
4070
1275
949
1626
3491
6577
6268
838
293
6086
8368
7171
6112
4625
4553
1998
448
7214
2632
3173
6855
2836
8136
5361
8105
4551
9644
6848
3107
9704
3311
7260
3880
504
6600
175
2947
2070
2120
6859
3642
859
5741
8645
1044
666
1134
3648
2307
1179
8385
4018
4335
1629
9725
4210
4714
9344
1335
3131
4932
3662
472
3913
462
1067
4901
8445
1473
2195
7739
3894
9422
9368
9640
9343
5213
588
948
7517
3363
6863
3317
2136
1726
5946
225
2025
173
6455
696
2915
6310
8057
6822
8948
4587
276
2563
1198
6274
9817
4308
3215
7190
6017
2380
4380
8747
2403
5456
5709
7921
9272
5455
939
8454
2618
1844
9039
2715
8068
30
4225
1500
7396
2998
6080
8608
819
5488
2029
6918
8788
8082
8861
6363
6869
1409
4660
2653
6414
5807
3181
6624
7955
6574
8574
986
7426
9293
4043
6085
9614
6534
1859
3975
6441
6426
4178
8291
8950
6057
5202
5030
7876
8949
5340
4293
798
8510
8016
4603
2223
1259
2011
8497
667
7971
9708
5384
6729
2137
835
4006
1635
5886
3689
6047
4961
9414
121
1304
7129
7353
3966
4193
4078
3009
9027
8828
8966
9915
8311
8013
4885
1884
4455
6429
9438
2386
2929
2785
3993
2971
9347
3326
1804
3716
960
9129
3893
2636
6826
2394
2882
9677
2004
3272
7360
2261
6715
8302
7342
5457
4100
1154
1294
523
9276
242
1422
8678
1264
6733
9139
2046
4152
7883
6725
4783
3663
1441
2062
2313
7988
9581
8124
5382
8964
4087
5944
8180
9040
5214
4421
1759
8220
2047
7628
777
9324
7868
4388
2266
8081
8991
8115
6113
2721
2968
3557
3905
3440
6582
8178
8375
1301
1249
803
1737
5021
6197
8331
7490
9142
8411
2170
8045
7420
8824
8766
5873
4870
2117
8498
5855
6946
8157
5539
3761
9686
53
582
7707
9371
7312
2890
4584
7748
9824
9070
3564
4430
6428
8171
7465
5060
4236
4557
6367
8853
6699
8119
7398
4758
1483
1305
4124
763
7857
1803
8927
3585
5467
4019
9291
2647
3666
2980
1040
8553
5760
4049
3596
381
8695
7619
5288
8748
3878
9187
9426
5403
7680
5520
6425
2844
7640
7820
5852
1308
4456
3904
3312
6988
5888
3360
7460
7635
5174
1673
561
3951
5212
6153
6245
5525
8240
5020
531
5507
2321
2619
425
1331
4809
3345
7539
7024
1177
1885
6980
2505
5669
5230
8121
9047
1772
3260
4113
3912
2217
6788
1532
8607
5309
8303
3092
6568
3673
204
7772
4463
7726
2320
2043
5958
3919
9061
2680
6321
1955
6563
8400
8511
8723
8794
795
1406
4827
4891
7604
1267
2779
6843
8269
5148
2521
1733
5627
1080
116
8278
4411
3482
3025
3192
7239
4782
5682
3058
9057
17
6941
8103
3733
6461
5033
8727
5420
7066
7106
8496
7914
4887
5329
9365
110
1157
8770
8125
9844
9053
9075
9745
2996
4068
9006
3740
2657
7188
6050
5216
246
2837
916
2077
9985
4942
6454
8126
9489
4025
1271
43
447
201
9274
50
6870
1169
1325
3938
4877
4601
7215
2481
3442
2035
9133
1342
7278
8836
6588
5277
6675
1058
6984
2550
6007
2033
5129
2211
1378
7334
5617
5648
9289
1657
7878
9602
9453
5795
4404
6399
2518
1008
9392
4051
2026
1066
5242
1845
2116
542
719
9566
2529
368
6476
3333
7732
7721
7766
8797
6219
9676
768
4624
6711
218
4391
301
8829
7840
9914
766
8427
3860
8919
2146
3984
5713
7929
8572
4197
6117
1644
3343
9594
2607
8591
6459
135
2906
6401
9702
4139
920
8313
2268
7601
653
2646
562
7403
1030
6836
9404
4578
3379
8817
441
9112
7443
1785
302
5817
8167
4005
9944
3544
6273
1984
2683
4144
5597
6150
7187
7830
7229
7221
4907
807
9310
8735
6679
6081
3252
4331
7584
3158
7832
9727
9729
3899
6466
282
5925
6087
8039
8034
7510
6997
5268
3794
8569
7034
746
8079
4947
8177
6027
9325
7531
2298
670
8519
5063
2769
7127
3881
2487
89
9895
2820
4399
7259
7479
6620
1589
5628
9012
9505
3226
9130
9246
7825
3063
8940
3955
1794
8814
4897
7457
4691
4424
5421
3301
9395
1996
4442
4800
9388
2673
9991
2357
1012
493
7406
2807
5199
3969
8091
5238
7445
3465
5764
8924
5377
5675
714
566
8461
2014
8287
5474
5062
4777
9513
314
8028
4655
8878
7350
3773
6990
6744
8282
226
6871
4431
4361
736
2999
6930
7099
3979
8190
4422
1552
3460
1277
9959
729
4240
8328
1064
3056
2723
5451
8904
7293
395
9140
5622
1390
6184
9046
1449
419
875
8310
5335
6634
4593
6152
5546
2335
7368
2389
9232
4079
2002
8689
1745
8979
9880
1288
607
6142
3000
8008
2192
8384
8133
5331
4382
9879
8527
6700
7724
1432
6107
8332
9387
7108
6046
2254
6881
8248
2391
8728
929
8631
3950
907
5017
1994
2615
2977
7583
3709
9264
1151
8409
3608
4802
4662
355
8987
5609
8903
570
4105
9829
2384
9699
7165
5088
4505
3799
4450
9646
5418
9160
2569
4586
2990
3563
174
8897
6074
9081
3295
7691
9546
4202
1889
4516
7297
3541
8083
8526
6895
9625
1303
8818
1016
6674
982
9837
9143
1522
2308
3523
1753
8532
8043
4931
112
3450
9251
7478
3064
7897
374
8362
1035
8093
3607
6550
3849
5485
8917
2718
2365
1247
5766
5635
5170
5658
7286
7467
4643
1287
9468
4467
7047
4429
7263
8247
935
4607
8893
5236
3210
1464
3351
1520
9059
9974
8140
8611
8784
5979
55
9830
8228
5706
1760
208
2376
2659
4518
8587
6295
7424
1492
1831
2664
1345
4763
3501
7390
6174
1501
4752
3762
7747
5844
1272
134
9510
3124
9396
2260
6240
1107
3336
8191
2449
6689
4610
189
3669
2667
8870
3838
4065
3698
8753
1502
356
3483
9451
9604
6887
4333
3093
7053
185
8021
4420
1710
9279
3338
4471
554
5319
4396
5592
8486
4784
8898
6082
7500
3972
6265
3079
7308
6010
1535
9751
7425
5366
5679
2065
359
3102
632
567
6234
4746
3505
7625
4853
1668
7984
8041
7367
7202
2301
1972
1024
7201
9942
8541
113
6163
6369
2110
9570
9446
6684
11
7986
6745
6599
2960
9648
6814
7755
5183
5998
1724
8520
8397
673
9778
5752
5092
1042
9336
532
9523
7753
4311
1767
8187
1640
9169
5929
3309
6655
8736
8944
7634
8221
6139
4264
1176
7154
2484
7935
9471
73
6928
1933
4280
4757
9094
4220
7979
974
1924
6615
5155
5011
2825
6413
2381
7835
7184
1243
3784
7828
4460
3620
3468
429
9981
2958
5472
5134
7055
5000
3857
3826
983
9452
4224
5226
9420
6775
4249
7179
9881
3042
2139
3684
5607
9399
8717
4207
675
702
7833
730
6561
7974
8724
9875
3765
9605
5553
9080
536
2749
725
3111
5821
995
3579
6303
4921
5734
2686
6083
9705
8145
8564
5138
8666
818
2370
5346
9641
6544
6006
427
4854
4948
3834
1495
8530
8593
244
9524
4183
7405
9316
6207
6972
9568
2743
5371
1415
9799
4814
5217
5326
1848
6382
537
5736
680
9447
9217
3510
8867
206
3739
6532
3151
8967
3087
288
3990
2602
8604
3953
1729
4480
1718
5902
7305
3179
7295
1646
5058
5028
6305
8067
5414
3819
9022
9350
5544
6209
3152
5176
460
2763
1565
4539
7208
4055
156
1174
7973
6533
8848
5613
3675
9390
5893
4418
3941
9303
9373
9863
9185
5350
9724
3600
7138
4353
8722
9558
7198
2109
3353
9874
505
6094
18
6391
2568
6092
6786
2287
1943
2491
1149
7115
373
8990
1678
8585
4583
4227
5948
8705
6121
8403
3922
6526
7759
3248
9254
8787
4556
7777
4523
313
6603
9716
1544
7708
8155
820
8555
9916
3062
1313
6827
8440
1283
6315
1937
1833
6313
2099
2147
5770
9236
5868
2159
1591
6190
9214
8460
6037
8453
7313
831
5003
2416
9285
8017
2474
1454
6346
5022
6217
4130
8156
8632
993
6108
691
7151
4377
512
2508
9846
9383
6897
2089
2814
4963
5994
9481
9898
5163
645
9106
4223
7959
6862
9220
437
6135
2152
7781
8109
4300
633
9136
8315
6311
2808
9742
9910
9905
4417
4566
6143
4837
6512
2904
181
467
9423
9948
3375
1970
5885
7366
8667
1295
2387
3884
6841
3146
5140
430
8104
6134
1578
8457
9507
9688
2312
7072
867
2414
1364
7005
7373
8831
7125
1136
4030
6537
1947
9653
3135
3096
280
6261
3676
631
5201
5481
8052
3478
3036
1123
9144
6149
403
3412
4440
4833
9069
4195
7392
3157
1866
6645
1246
7271
8130
445
9035
7241
4570
8838
9949
5437
8432
1299
7651
9591
3556
8320
2438
527
3997
7120
1830
6368
5997
8262
157
3628
2923
8882
8170
528
5125
9429
8754
2318
5740
8707
8701
1588
5727
9955
8688
1188
8977
8275
6793
6221
3322
6799
2798
2712
7094
337
7412
6063
9097
7483
5260
5328
8235
4995
9488
7545
2593
5250
1741
8250
3396
4313
8783
4664
5796
2565
1616
1583
9189
2860
8525
5374
2238
6528
2777
4594
1357
5725
7915
1392
4552
2726
8599
6001
3888
8901
4226
1336
603
2850
6319
7449
7525
6125
7725
5449
4620
1703
8132
7147
6216
7114
8739
2585
2956
9757
2767
4872
9967
5942
2393
4192
8635
3625
9522
9852
1709
1614
7015
1147
2179
8999
9025
8203
4560
5953
5616
2111
2540
2225
9296
5055
1200
7586
3019
3732
4852
3017
1771
1882
1286
547
9424
3725
5938
6205
2096
8356
2711
6940
9290
5196
3193
7851
2180
6970
2165
1175
1085
398
4071
2492
1282
8719
9962
3258
8540
9389
8345
9124
3820
5299
9790
2776
7668
5900
7610
405
577
620
7599
4806
8780
2879
748
5894
1632
7791
4342
5839
6642
4990
7512
1242
9066
7985
6301
7123
1523
5500
5972
7134
8721
1917
3459
2291
6120
9256
3271
4108
8462
5967
6593
8063
3307
7641
6767
9960
6270
7247
5610
9208
8570
211
1820
5789
5235
8071
6643
1097
6223
3469
7909
6691
2849
129
1986
6495
1293
6385
9878
2134
6111
1556
2031
775
5429
7934
7655
2551
8265
747
7559
1363
1086
942
8725
4545
4216
6596
8790
8128
8713
4945
3235
5753
410
5533
2166
6731
4575
4675
4395
9269
4094
7289
5153
8249
1103
640
2504
3900
3772
5313
3659
9340
7873
9209
3550
8884
6070
4372
1465
7588
1674
6913
4142
7740
5555
4628
4355
4902
8208
7667
7296
4502
6896
3227
2404
2235
1713
3879
9831
1508
3256
4858
7070
5647
7565
7816
6601
3752
9068
9294
6847
6774
8216
4821
1961
7595
4656
7104
4968
625
5181
8665
6212
9093
2824
179
874
9760
7030
7848
6853
5411
1130
6285
5937
8101
9855
6329
1405
8252
8767
7574
6944
681
4767
8358
2989
737
3759
3247
6040
2599
7647
7927
5838
8161
9847
9647
8206
6929
967
634
3524
3397
7017
8465
6069
5702
3488
6950
1048
2080
3011
3453
6909
7995
3344
5711
1314
4513
8261
8473
8020
5892
6439
6334
9747
1255
3324
3937
7659
1531
697
3939
4894
3882
8047
9717
9411
4001
3155
3005
6114
9645
4935
4661
2021
9935
4881
5354
7693
9003
7380
3656
1515
9105
669
4135
4980
9393
1715
1948
7799
3186
7605
1467
9690
9278
4229
2295
7836
6821
8775
70
75
306
5352
163
2451
2761
8118
9597
4020
6605
3156
9694
5128
2010
7246
8832
2833
9138
1619
5615
7591
3991
7384
1916
7431
9491
2455
358
5850
6957
1113
3489
2559
3400
3789
8894
5843
1960
1355
9926
379
3203
8238
7026
2115
7064
1503
7551
5269
4490
1865
7300
1714
839
1412
6011
9265
621
6543
4147
7164
9516
3532
7354
2239
5825
6204
3778
8986
7672
6155
3798
754
7496
6463
3875
8668
2044
9163
4415
4579
442
2265
9374
3753
9771
2543
1069
6287
8743
6888
8065
2753
3165
9262
1383
7077
963
1988
564
7712
6133
9354
6828
4267
8803
3907
6128
7582
9534
8005
2189
3161
6565
9313
8539
8100
3284
4503
1747
8003
489
6792
2338
9056
2400
7283
9349
1092
8408
2281
84
8349
6966
6054
305
630
6424
961
6581
1455
860
2993
7158
9608
1592
6688
2827
1928
3631
5244
1679
9271
2188
6722
9793
3649
1323
5345
5739
6973
9612
7319
8251
8624
543
4010
8971
7253
3423
8122
7960
7671
1340
5793
3832
1049
9058
1693
7504
6324
2419
606
8842
2196
1840
3855
7756
9922
5185
2356
2207
5974
6443
9952
6778
2606
4256
8231
386
6708
720
6500
8491
6885
6955
8012
3304
9574
8033
4050
9261
3237
2205
576
5296
7440
7991
6076
6036
9283
6339
4253
8700
4044
5584
10
6423
3817
9100
2324
9135
4185
6719
6326
3646
2311
9280
3842
6141
1397
8647
6551
4911
796
9150
8810
4397
7903
3782
9616
2409
4063
1662
9441
8514
9514
5698
7394
9848
9224
8941
4647
6475
4808
8062
956
8443
4459
3194
6
1393
565
7272
1180
9857
8123
5530
7540
366
5563
6218
6807
4493
6031
4776
5218
2473
1317
2812
9652
3068
8584
977
5914
5276
2373
9182
7408
9247
7191
9580
2935
9198
8907
8336
851
8393
1220
5426
6175
394
9501
529
199
3932
3172
8629
9657
1836
340
5761
2464
1256
5031
6355
1738
6889
664
6594
6554
7331
9958
1506
8799
1649
6465
950
5111
6415
3327
1628
3712
1775
9176
9754
5397
1697
3177
9259
4501
3097
9618
3462
5171
4538
6214
4611
5232
7572
111
709
1992
8711
9483
2432
2542
8710
9503
8509
9157
9248
1719
9277
9933
4688
3921
9775
2219
4883
4125
3121
5336
7068
1498
5402
5999
5271
8523
760
6875
2452
6356
94
5047
9240
7875
7795
9746
9707
3769
6179
1273
8139
8641
3330
6971
2446
4036
9467
86
2676
8372
679
1660
9659
1059
5742
2854
4981
2787
9171
513
1717
1973
5531
6915
3601
9378
1472
299
7093
9367
1769
6764
2038
857
3334
3418
7981
3270
8708
4478
8544
2246
2880
6936
2921
137
3245
2176
1823
7663
7199
8117
8059
649
4349
4555
2760
284
8172
654
1353
765
6110
1316
3112
2614
8064
8508
2799
3289
1584
4892
6717
4445
9843
8293
551
2938
5773
166
1613
1560
1825
4738
1327
9800
7236
5013
2870
8011
8211
6586
6448
1106
3443
3499
9897
2959
4097
1026
8254
9228
6872
8996
5940
9526
7155
6860
4781
3086
6820
4387
8354
5301
8749
571
7052
7722
4328
6434
4958
2734
1742
3771
3150
8868
9813
3219
2085
3294
8732
1444
2608
6375
8074
5970
4048
8862
2227
6905
4718
6747
7675
7301
2670
2499
6165
6328
6818
222
2457
4337
9961
8289
2003
7507
8317
3104
1918
7345
8163
6916
4799
3803
7439
195
4201
6129
4677
8973
784
9007
3031
4522
2231
1350
7633
4461
1117
2930
1553
12
8479
3354
2286
825
7785
687
9924
4347
133
4491
3944
8846
801
8015
6420
1338
822
4581
1590
7818
480
6189
7715
5578
6130
3528
4164
4066
4680
4251
4123
8961
4494
786
2622
4296
8823
8036
6886
3863
2497
598
99
7561
4003
8348
2485
6357
8698
2114
6810
7498
6122
5537
4671
9700
3081
7168
3398
1248
8639
5042
9628
6472
4788
9630
3315
6421
1727
8813
5790
2372
8760
693
6271
8566
5912
9564
4352
141
258
8812
563
3189
7695
5856
8745
5566
1669
9626
8029
6937
7340
2957
5225
6713
4925
1311
852
2783
7646
4686
7423
3560
7879
5477
169
8744
2158
5445
2498
6739
1512
5744
9971
3347
6763
1009
3101
1098
9560
6237
5460
6249
3286
9621
7590
1021
8284
361
1222
9203
7011
7796
2214
4801
9186
2790
6919
9869
3711
9781
1689
14
9930
9484
6992
9929
286
2250
7126
3542
1818
5027
3361
4930
7881
7157
5385
2695
9408
4862
4228
6225
4000
1813
8581
9334
2168
4694
8774
9449
609
4913
4277
5985
6338
515
3486
8854
349
9077
2440
1574
6431
5591
2625
9331
7519
2398
5623
7711
6703
7085
9941
5395
8850
1156
7702
4154
1461
5983
5083
6650
8296
8138
7472
638
7673
6340
4027
2810
2187
3751
5470
4683
7225
7256
6861
3960
8685
868
4786
5059
4401
4592
9556
9158
8779
3325
5519
5408
2156
745
2513
4153
6590
4835
2420
7081
9345
7139
5246
6263
1540
1359
9764
922
3885
4356
464
3825
4739
1426
4393
8524
7001
7760
783
3436
6845
3720
4266
