1000
102
616
597
496
951
995
57
886
446
58
254
302
174
734
436
705
219
4
210
27
35
867
66
426
392
760
667
901
874
481
241
212
852
538
860
181
484
199
324
841
536
959
726
136
112
590
720
114
578
865
482
831
158
615
850
942
130
919
460
238
179
198
518
243
783
91
46
870
222
228
274
609
714
826
175
610
45
744
821
862
285
975
704
450
156
515
897
381
80
268
82
583
478
994
943
512
439
429
350
335
271
883
553
402
312
770
522
88
362
992
107
276
97
42
264
600
898
117
29
480
822
700
122
635
502
981
782
360
710
234
438
801
113
776
150
18
535
671
126
762
746
293
650
819
217
5
673
406
300
739
214
772
229
896
377
90
192
540
200
343
95
21
716
44
724
20
196
731
70
3
564
413
71
187
170
475
647
888
134
94
527
866
399
629
24
140
842
473
235
301
929
855
65
375
56
337
567
675
487
275
161
632
374
971
270
373
682
602
62
458
727
269
922
103
773
195
813
73
193
164
322
552
498
173
367
407
837
61
108
189
9
892
138
342
678
533
12
408
218
467
853
338
607
861
719
40
155
775
282
403
805
672
163
613
691
504
932
358
548
334
336
798
551
722
246
967
743
118
421
973
184
786
78
814
109
787
544
707
572
599
52
376
838
999
846
333
461
432
34
425
323
876
847
67
514
291
987
800
628
394
51
893
859
129
101
878
242
614
166
803
74
729
663
751
519
817
849
206
245
965
307
178
985
624
253
401
378
648
96
833
777
86
912
194
2
208
380
513
584
17
287
534
593
759
72
99
756
509
457
634
945
905
679
409
706
577
366
237
455
621
284
796
844
387
824
645
250
977
422
911
59
816
398
145
923
1000
931
415
655
957
524
412
477
902
316
30
788
486
968
444
329
357
295
483
785
465
588
69
625
116
146
793
990
829
256
355
713
988
75
148
306
397
749
778
871
262
47
503
344
910
693
736
698
100
827
717
541
370
451
953
914
868
331
661
808
918
41
882
619
907
454
941
603
962
345
854
575
239
38
570
351
649
730
430
258
670
913
738
494
26
382
319
520
317
709
745
568
657
105
305
563
297
328
347
799
531
979
950
133
111
469
555
851
7
369
768
110
372
296
165
845
687
558
669
530
539
774
998
529
771
627
780
141
379
699
906
681
701
89
474
248
489
948
895
416
938
240
172
471
157
365
171
54
507
393
658
554
926
877
703
612
418
244
997
747
220
386
14
559
423
974
232
497
491
594
668
954
39
697
576
211
692
545
167
795
479
779
832
341
180
889
810
428
177
996
891
711
980
308
794
758
292
385
940
566
186
569
863
565
162
121
735
33
964
216
674
790
388
83
60
152
485
470
748
261
550
154
23
557
887
28
49
391
972
754
925
257
618
732
131
356
79
561
411
435
546
769
353
642
468
677
225
623
364
321
125
694
294
900
259
982
573
510
523
424
885
742
666
927
493
459
383
37
620
823
757
76
966
517
750
265
168
224
223
25
685
221
836
104
204
579
396
226
873
440
935
763
872
587
991
970
303
806
592
236
598
371
848
169
549
340
43
185
427
908
807
684
802
909
767
818
384
881
466
939
310
339
488
960
654
233
915
147
864
665
249
537
880
766
944
231
149
843
581
332
721
804
508
525
946
501
676
106
263
31
920
452
283
556
608
288
856
400
456
604
528
718
352
591
505
542
652
315
230
580
1
153
708
119
741
984
589
646
6
203
869
755
752
595
213
651
963
205
13
571
689
11
453
917
781
132
48
348
330
936
969
904
511
68
215
389
639
712
318
320
368
765
55
143
574
547
120
812
64
346
952
890
875
636
622
434
978
53
828
139
127
361
811
182
725
290
492
142
314
660
207
448
98
472
653
495
8
313
443
183
32
16
462
761
903
820
532
585
191
417
740
404
924
683
840
562
123
894
160
289
797
255
304
190
955
723
933
92
961
433
354
993
835
825
419
431
680
733
606
77
989
445
209
252
506
605
349
277
784
84
934
115
640
128
792
280
85
363
688
251
202
227
390
63
641
247
899
690
463
596
325
326
516
937
702
586
449
696
410
839
643
272
298
753
830
395
281
928
420
151
958
695
22
476
644
638
857
715
789
266
611
309
521
664
159
442
267
949
19
543
633
947
437
809
686
500
176
36
260
986
976
15
930
764
921
526
626
601
359
631
737
81
560
286
441
490
327
956
464
884
447
279
499
728
87
299
124
273
137
834
582
50
630
197
879
278
858
93
135
10
405
414
144
815
916
791
201
983
656
188
662
311
617
659
637
